1 2 3 4 6 7 13 -> 14
1 2 3 4 7 8 13 -> 14
1 2 3 4 7 13 -> 12
1 2 3 5 6 7 13 -> 14
1 2 3 5 7 8 13 -> 14
1 2 3 5 7 13 -> 12
1 2 3 6 14 -> 9
1 2 3 7 13 -> 9
1 2 3 7 14 -> 9
1 2 4 8 10 11 -> 13
1 2 4 9 12 13 -> 6
1 2 4 11 12 13 14 -> 9
1 2 5 8 10 11 -> 13
1 2 5 9 12 13 -> 6
1 2 5 11 12 13 14 -> 9
1 2 6 7 8 9 12 14 -> 4
1 2 6 7 8 9 12 14 -> 5
1 2 6 7 11 13 14 -> 10
1 2 6 9 10 11 13 14 -> 4
1 2 6 9 10 11 13 14 -> 5
1 2 6 9 11 13 14 15 -> 8
1 2 7 8 10 11 12 15 -> 9
1 2 8 11 12 13 14 15 -> 9
1 3 4 6 -> 9
1 3 4 6 -> 10
1 3 4 7 8 13 -> 6
1 3 4 8 -> 9
1 3 4 8 -> 10
1 3 4 13 -> 9
1 3 4 14 -> 9
1 3 4 15 -> 9
1 3 5 6 -> 9
1 3 5 6 -> 10
1 3 5 7 8 13 -> 6
1 3 5 8 -> 9
1 3 5 8 -> 10
1 3 5 13 -> 9
1 3 5 14 -> 9
1 3 5 15 -> 9
1 3 6 7 -> 9
1 3 6 7 -> 10
1 3 7 8 -> 9
1 3 7 8 -> 10
1 3 7 8 11 13 -> 6
1 3 7 15 -> 9
1 3 8 9 -> 10
1 3 8 13 -> 10
1 3 8 14 -> 10
1 4 8 11 13 15 -> 9
1 4 9 10 11 -> 14
1 4 10 11 12 13 14 15 -> 6
1 5 8 11 13 15 -> 9
1 5 9 10 11 -> 14
1 5 10 11 12 13 14 15 -> 6
1 6 7 8 9 10 12 14 15 -> 11
1 6 7 8 13 -> 10
1 6 8 9 10 13 -> 12
1 6 9 10 11 13 15 -> 12
1 7 8 11 12 15 -> 14
1 8 10 12 13 14 15 -> 11
2 3 4 6 8 10 12 14 -> 9
2 3 4 6 8 10 12 15 -> 9
2 3 4 6 8 10 14 15 -> 9
2 3 4 6 8 13 -> 10
2 3 4 6 8 13 14 -> 9
2 3 4 6 10 11 12 14 -> 9
2 3 4 6 10 11 14 15 -> 9
2 3 4 6 10 13 14 -> 9
2 3 4 7 8 -> 10
2 3 4 8 9 11 13 -> 10
2 3 4 8 10 13 14 -> 9
2 3 4 8 11 12 13 -> 10
2 3 4 8 11 13 15 -> 10
2 3 4 8 12 13 14 -> 9
2 3 4 8 13 15 -> 9
2 3 4 10 11 13 14 -> 9
2 3 4 10 13 14 15 -> 9
2 3 5 6 8 10 12 14 -> 9
2 3 5 6 8 10 12 15 -> 9
2 3 5 6 8 10 14 15 -> 9
2 3 5 6 8 13 -> 10
2 3 5 6 8 13 14 -> 9
2 3 5 6 10 11 12 14 -> 9
2 3 5 6 10 11 14 15 -> 9
2 3 5 6 10 13 14 -> 9
2 3 5 7 8 -> 10
2 3 5 8 9 11 13 -> 10
2 3 5 8 10 13 14 -> 9
2 3 5 8 11 12 13 -> 10
2 3 5 8 11 13 15 -> 10
2 3 5 8 12 13 14 -> 9
2 3 5 8 13 15 -> 9
2 3 5 10 11 13 14 -> 9
2 3 5 10 13 14 15 -> 9
2 4 7 9 13 14 -> 12
2 5 7 9 13 14 -> 12
2 7 9 10 11 15 -> 3
3 4 6 7 8 -> 10
3 4 6 8 11 12 13 15 -> 9
3 4 6 8 11 13 -> 10
3 4 6 8 12 13 -> 10
3 4 6 8 13 15 -> 10
3 4 6 11 13 14 -> 9
3 4 7 8 11 -> 9
3 4 7 8 12 -> 9
3 4 7 8 13 -> 9
3 4 7 8 13 -> 10
3 4 7 8 14 -> 9
3 4 7 8 15 -> 9
3 4 7 8 15 -> 10
3 4 7 10 14 -> 9
3 5 6 7 8 -> 10
3 5 6 8 11 12 13 15 -> 9
3 5 6 8 11 13 -> 10
3 5 6 8 12 13 -> 10
3 5 6 8 13 15 -> 10
3 5 6 11 13 14 -> 9
3 5 7 8 11 -> 9
3 5 7 8 12 -> 9
3 5 7 8 13 -> 9
3 5 7 8 13 -> 10
3 5 7 8 14 -> 9
3 5 7 8 15 -> 9
3 5 7 8 15 -> 10
3 5 7 10 14 -> 9
3 6 7 13 14 -> 9
3 7 8 13 14 -> 9
3 7 10 13 14 -> 9
4 -> 5
4 7 8 9 10 13 -> 12
5 -> 4
5 7 8 9 10 13 -> 12
