iter: 0
alpha: 1920799.0200000016
beta: 39199.98000000007
00000045
before sample
after sample
extracted sample
got vios
parsed data
prepped data
initialized feedback object
iter: 1
q_t: 0.98
vios found: {(39, 52), (52, 93), (5, 25), (32, 39), (39, 93), (32, 52)}
vios marked: {(8, 8), (39, 52), (52, 93), (5, 25), (32, 39), (39, 93), (32, 52), (99, 99)}
vios total: {(32, 39), (32, 52), (39, 52), (52, 93), (32, 93), (5, 25), (39, 93)}
precision: 0.75
recall: 0.8571428571428571
iter: 2
q_t: 0.98
vios found: {(5, 25), (39, 52), (52, 72)}
vios marked: {(5, 5), (9, 9), (38, 38), (39, 52), (5, 25), (52, 72)}
vios total: {(5, 25), (39, 52), (52, 72), (39, 72)}
precision: 0.5
recall: 0.75
iter: 3
q_t: 0.98
vios found: {(34, 43), (3, 93), (39, 93), (3, 39)}
vios marked: {(34, 43), (3, 93), (55, 55), (64, 64), (39, 93), (29, 29), (3, 39), (15, 15)}
vios total: {(34, 43), (23, 39), (23, 93), (3, 39), (3, 93), (39, 93)}
precision: 0.5
recall: 0.6666666666666666
iter: 4
q_t: 0.98
vios found: {(39, 73), (40, 43), (33, 52), (14, 33), (33, 39), (14, 52), (52, 73), (14, 39), (33, 73), (39, 52), (14, 73)}
vios marked: {(39, 73), (33, 52), (40, 43), (78, 78), (14, 33), (33, 39), (14, 52), (52, 73), (14, 39), (33, 73), (39, 52), (14, 73), (40, 40)}
vios total: {(39, 73), (40, 43), (33, 52), (14, 33), (33, 39), (14, 52), (14, 73), (14, 39), (33, 73), (39, 52), (52, 73)}
precision: 0.8461538461538461
recall: 1.0
iter: 5
q_t: 0.98
vios found: {(33, 52), (3, 52), (3, 73), (33, 73), (73, 93), (52, 93), (3, 93), (52, 73)}
vios marked: {(33, 52), (3, 52), (38, 38), (3, 73), (33, 73), (73, 93), (52, 93), (3, 93), (52, 73)}
vios total: {(33, 52), (3, 52), (33, 93), (52, 73), (33, 73), (73, 93), (52, 93), (3, 93), (3, 73)}
precision: 0.8888888888888888
recall: 0.8888888888888888
iter: 6
q_t: 0.98
vios found: {(4, 26), (33, 52), (52, 93), (26, 38), (4, 38), (33, 93), (23, 93)}
vios marked: {(4, 26), (4, 38), (29, 29), (52, 93), (75, 75), (33, 52), (33, 93), (23, 93), (26, 38)}
vios total: {(4, 26), (33, 52), (23, 52), (4, 38), (33, 93), (23, 93), (52, 93), (26, 38)}
precision: 0.7777777777777778
recall: 0.875
iter: 7
q_t: 0.98
vios found: {(39, 73), (32, 39), (32, 52), (39, 52), (52, 73), (12, 40)}
vios marked: {(39, 73), (32, 39), (32, 52), (39, 52), (32, 32), (52, 73), (12, 40)}
vios total: {(39, 73), (32, 39), (32, 52), (39, 52), (52, 73), (12, 40)}
precision: 0.8571428571428571
recall: 1.0
iter: 8
q_t: 0.98
vios found: {(26, 38), (75, 78)}
vios marked: {(26, 38), (75, 78)}
vios total: {(26, 38), (75, 78), (33, 72)}
precision: 1.0
recall: 0.6666666666666666
iter: 9
q_t: 0.98
vios found: {(39, 73), (14, 52), (32, 39), (14, 73), (14, 39), (32, 52), (14, 32), (39, 52), (52, 73)}
vios marked: {(39, 73), (14, 14), (46, 46), (14, 52), (32, 39), (14, 73), (32, 52), (14, 39), (14, 32), (39, 52), (52, 73), (51, 51)}
vios total: {(39, 73), (14, 52), (32, 39), (14, 73), (32, 52), (14, 39), (14, 32), (39, 52), (52, 73)}
precision: 0.75
recall: 1.0
iter: 10
q_t: 0.98
vios found: {(39, 73), (34, 43), (14, 33), (33, 39), (14, 39), (33, 73), (14, 73)}
vios marked: {(39, 73), (34, 43), (14, 33), (33, 39), (14, 39), (33, 73), (39, 39), (14, 73)}
vios total: {(39, 73), (34, 43), (14, 33), (33, 39), (14, 39), (33, 73), (14, 73)}
precision: 0.875
recall: 1.0
iter: 11
q_t: 0.98
vios found: {(3, 14), (14, 52), (3, 52), (14, 39), (3, 39), (39, 52)}
vios marked: {(3, 14), (14, 52), (3, 52), (14, 39), (3, 39), (39, 52)}
vios total: {(3, 14), (3, 52), (14, 52), (14, 39), (3, 39), (39, 52)}
precision: 1.0
recall: 1.0
iter: 12
q_t: 0.98
vios found: {(32, 72), (14, 72), (14, 33), (33, 39), (39, 72), (2, 26), (32, 33), (32, 39), (14, 32), (14, 39), (33, 72)}
vios marked: {(32, 72), (14, 72), (14, 33), (33, 39), (39, 72), (2, 26), (32, 33), (32, 39), (14, 32), (14, 39), (33, 72)}
vios total: {(32, 72), (14, 72), (14, 33), (39, 72), (33, 39), (2, 26), (32, 33), (32, 39), (14, 32), (14, 39), (33, 72)}
precision: 1.0
recall: 1.0
iter: 13
q_t: 0.98
vios found: {(12, 40), (34, 40), (52, 93)}
vios marked: {(12, 40), (34, 40), (52, 93)}
vios total: {(12, 40), (34, 40), (52, 93)}
precision: 1.0
recall: 1.0
iter: 14
q_t: 0.98
vios found: {(4, 26), (32, 72), (3, 72), (39, 72), (32, 39), (3, 39), (3, 32)}
vios marked: {(4, 26), (32, 72), (3, 72), (39, 72), (32, 39), (3, 39), (3, 32)}
vios total: {(4, 26), (32, 72), (3, 72), (39, 72), (32, 39), (3, 39), (3, 32)}
precision: 1.0
recall: 1.0
iter: 15
q_t: 0.98
vios found: {(4, 38), (33, 93), (33, 73), (73, 93), (34, 40)}
vios marked: {(4, 38), (33, 93), (33, 73), (73, 93), (50, 50), (34, 40)}
vios total: {(4, 38), (33, 93), (33, 73), (73, 93), (34, 40)}
precision: 0.8333333333333334
recall: 1.0
iter: 16
q_t: 0.98
vios found: {(72, 73), (32, 72), (32, 52), (73, 93), (52, 93), (52, 73), (32, 93), (3, 14), (14, 72), (3, 72), (14, 52), (3, 52), (14, 73), (14, 32), (3, 93), (3, 32), (72, 93), (3, 73), (52, 72)}
vios marked: {(72, 73), (32, 52), (73, 93), (52, 73), (66, 66), (14, 52), (3, 52), (72, 93), (3, 73), (14, 73), (52, 72), (32, 72), (52, 93), (32, 93), (3, 14), (14, 72), (3, 72), (14, 32), (3, 93), (3, 32)}
vios total: {(72, 73), (32, 52), (73, 93), (52, 73), (3, 52), (14, 52), (72, 93), (3, 73), (14, 73), (52, 72), (32, 72), (52, 93), (32, 93), (3, 14), (3, 72), (14, 72), (14, 32), (3, 93), (3, 32)}
precision: 0.95
recall: 1.0
iter: 17
q_t: 0.98
vios found: {(14, 52), (52, 73), (14, 32), (32, 52), (79, 80), (14, 73)}
vios marked: {(14, 52), (52, 73), (14, 32), (32, 52), (79, 80), (14, 73)}
vios total: {(14, 52), (52, 73), (14, 32), (32, 52), (79, 80), (14, 73)}
precision: 1.0
recall: 1.0
iter: 18
q_t: 0.98
vios found: {(23, 52), (14, 23), (14, 52), (52, 73), (14, 32), (32, 52), (23, 32), (23, 73), (14, 73)}
vios marked: {(23, 52), (14, 23), (14, 52), (52, 73), (14, 32), (32, 52), (23, 32), (23, 73), (14, 73)}
vios total: {(23, 52), (14, 23), (14, 52), (14, 73), (32, 52), (14, 32), (23, 32), (23, 73), (52, 73)}
precision: 1.0
recall: 1.0
iter: 19
q_t: 0.98
vios found: {(14, 23), (14, 32), (23, 32), (79, 80), (23, 73), (14, 73)}
vios marked: {(14, 23), (14, 32), (23, 32), (79, 80), (23, 73), (14, 73)}
vios total: {(14, 23), (14, 32), (23, 32), (79, 80), (23, 73), (14, 73)}
precision: 1.0
recall: 1.0
iter: 20
q_t: 0.98
vios found: {(23, 52), (3, 52), (2, 26), (3, 73), (23, 73), (52, 73)}
vios marked: {(23, 52), (3, 52), (2, 26), (52, 52), (3, 73), (23, 73), (52, 73)}
vios total: {(23, 52), (2, 26), (3, 52), (3, 73), (23, 73), (52, 73)}
precision: 0.8571428571428571
recall: 1.0
iter: 21
q_t: 0.98
vios found: {(39, 73), (33, 52), (33, 39), (3, 52), (32, 33), (32, 39), (3, 73), (32, 52), (3, 39), (33, 73), (39, 52), (3, 32), (52, 73)}
vios marked: {(39, 73), (33, 52), (33, 39), (3, 52), (32, 33), (32, 39), (3, 73), (32, 52), (3, 39), (33, 73), (39, 52), (3, 32), (52, 73)}
vios total: {(39, 73), (33, 52), (33, 39), (3, 52), (32, 33), (32, 39), (3, 73), (32, 52), (3, 39), (33, 73), (39, 52), (3, 32), (52, 73)}
precision: 1.0
recall: 1.0
iter: 22
q_t: 0.98
vios found: {(23, 72), (33, 52), (32, 72), (23, 52), (39, 72), (33, 39), (23, 39), (32, 33), (32, 39), (32, 52), (23, 32), (39, 52), (52, 72), (33, 72)}
vios marked: {(23, 72), (33, 52), (32, 72), (23, 52), (39, 72), (33, 39), (23, 39), (32, 33), (32, 39), (32, 52), (23, 32), (39, 52), (52, 72), (33, 72)}
vios total: {(23, 72), (33, 52), (32, 72), (23, 52), (39, 72), (33, 39), (23, 39), (32, 33), (32, 39), (32, 52), (23, 32), (39, 52), (52, 72), (33, 72)}
precision: 1.0
recall: 1.0
iter: 23
q_t: 0.98
vios found: {(39, 73), (72, 73), (3, 72), (39, 72), (3, 39), (73, 93), (3, 93), (72, 93), (3, 73), (39, 93)}
vios marked: {(39, 73), (72, 73), (3, 72), (39, 72), (3, 39), (73, 93), (3, 93), (72, 93), (3, 73), (39, 93)}
vios total: {(39, 73), (72, 73), (3, 72), (39, 72), (3, 39), (73, 93), (3, 93), (72, 93), (3, 73), (39, 93)}
precision: 1.0
recall: 1.0
iter: 24
q_t: 0.98
vios found: {(26, 38), (39, 52), (12, 40)}
vios marked: {(26, 38), (39, 52), (12, 40)}
vios total: {(26, 38), (39, 52), (12, 40)}
precision: 1.0
recall: 1.0
iter: 25
q_t: 0.98
vios found: {(3, 14), (14, 72), (14, 33), (39, 72), (33, 39), (3, 72), (3, 39), (14, 39), (33, 72)}
vios marked: {(3, 14), (14, 72), (14, 33), (39, 72), (33, 39), (3, 72), (3, 39), (14, 39), (79, 79), (33, 72)}
vios total: {(3, 14), (3, 72), (14, 33), (39, 72), (33, 39), (14, 72), (3, 39), (14, 39), (33, 72)}
precision: 0.9
recall: 1.0
